9;6;2025;3;0;ferrari;CC000NN;a;114.00;1;30;3;0
9;6;2025;5;0;ferrari;CC000NN;a;76.00;4;0;5;0
9;6;2025;13;30;Lamborghini;AX666TR;a;76.00;12;30;13;30
9;6;2025;17;0;Lamborghini;AX666TR;a;38.00;16;30;17;0
9;6;2025;24;0;fiat;AA000BB;a;76.00;23;0;24;0
9;6;2025;23;30;Porshe;BB001AA;a;38.00;23;0;23;30
9;6;2025;24;0;ferrari;CC000NN;a;38.00;23;30;24;0
10;6;2025;24;0;Porshe;BB001AA;a;1786.00;0;30;24;0
10;6;2025;1;0;Lamborghini;AX666TR;a;38.00;0;30;1;0
10;6;2025;0;19;fiat;AA000BB;a;76.00;23;0;24;0
10;6;2025;1;46;fiat;AA000BB;a;658.00;7;0;12;0
10;6;2025;12;57;fiat;AA000BB;a;76.00;13;0;14;0
